LocalOriginLat: 45.7761143333
LocalOriginLon: 15.9762586667
