#Swarm location information
LocalOriginLat: 0.6068778928
LocalOriginLon: 0.63669709934
