#The laboratory location information
LocalOriginLat: 57.900191925
LocalOriginLon: 25.868527039
LocalOriginAlt: 75.3808
