#Swarm location information
LocalOriginLat: 13.6068778928
LocalOriginLon: 18.63669709934
