#Swarm location information
LocalOriginLat: 10.6068778928
LocalOriginLon: 10.63669709934
