#Swarm location information
LocalOriginLat: 23.6068778928
LocalOriginLon: 5.63669709934
