#Swarm location information
LocalOriginLat: 30.6068778928
LocalOriginLon: 10.63669709934
